365 2

237 1382
663 2069
228 534
73 10175
155 6473
125 17988
538 216
206 3982
677 1889
170 10228
87 19451
747 1834
141 42250
343 1155
175 3684
220 8208
682 475
479 917
231 1342
199 732
108 24572
372 1620
319 3242
389 4773
164 313
212 3402
566 11668
110 802
248 12324
143 79
146 4143
535 11780
397 1700
308 1953
157 1576
88 1405
444 14454
525 6442
443 34
259 69
190 139
323 11826
444 505
151 0
164 128
131 1140
417 9344
227 8394
219 5140
322 1349
172 0
468 7575
450 9967
147 443
208 278
167 0
562 1982
307 11416
485 0
205 68
149 806
830 542
552 117
276 174
274 274
325 5273
806 3558
372 2836
234 0
140 4887
228 1255
292 3789
491 182
239 2897
326 324
363 111
207 1328
415 2484
206 1094
332 2849
252 969
310 0
565 640
224 997
205 4801
773 1866
228 1952
715 234
596 253
829 394
321 1159
638 674
164 10177
204 1192
803 206
333 324
168 2476
1095 1011
937 34
808 120
751 3995
1317 440
1168 242
535 347
930 95
755 6223
805 1120
1200 1247
800 552
905 693
420 1709
1027 1417
614 1527
587 2217
281 4071
1194 508
970 760
274 1913
544 4887
294 1526
1157 483
790 399
814 1165
692 139
933 1489
1065 166
794 451
1156 41
716 51
976 319
1218 0
984 255
851 1023
451 5593
1055 199
309 910
739 364
550 0
517 5744
791 433
742 118
745 349
442 52
1165 709
667 448
954 1773
814 0
1164 614
557 195
1077 603
880 4583
1079 986
1266 1377
356 186
1298 3362
1115 2207
1010 740
1216 1590
1060 2292
666 506
1003 722
621 1337
882 3402
345 3678
1182 129
1049 1179
1191 65
988 4170
612 4185
935 1029
1016 2797
638 2425
1170 4548
938 3660
933 34
1034 345
1097 152
883 4344
471 1765
1272 36
1039 725
1117 0
1190 3144
1022 2894
845 362
435 837
1402 222
1151 520
640 785
590 2768
592 0
1114 344
1243 881
929 931
774 104
695 42
473 0
646 1790
590 409
777 1105
328 0
541 1615
809 3707
525 385
1175 324
894 0
626 7240
606 3197
475 1305
1118 487
954 757
1044 10232
712 1019
999 1539
564 3488
511 1048
678 7357
1118 379
796 426
588 5563
761 15610
763 2712
1009 605
527 2797
822 34
525 4531
1187 36
335 1052
654 3201
681 999
717 4984
415 1140
526 846
1242 127
359 304
466 1265
1074 269
463 8103
513 943
585 125
583 0
660 6836
583 1953
1046 75
374 1574
877 76
212 9064
846 1169
467 2328
955 1998
485 2988
847 137
1026 1356
356 896
980 1103
804 1399
441 2364
763 334
383 0
703 1437
685 1755
397 428
492 961
677 1684
474 34
785 89
611 2340
699 51
554 3460
291 0
650 522
598 417
725 329
532 40
216 1255
961 2779
402 5504
621 264
694 424
337 7557
526 3040
552 964
505 362
186 9164
271 1397
236 2237
213 3627
511 1463
340 6072
336 1439
371 1071
215 5185
122 1371
154 11485
179 1314
174 22343
219 1270
234 2723
276 14071
97 6441
373 1978
207 8643
109 31368
193 2422
163 3305
356 5912
282 863
135 15114
130 1820
110 5666
215 4232
330 1355
112 12660
180 7751
156 2235
409 2943
164 16389
222 5115
228 4427
383 2015
240 19810
235 1610
200 671
418 3719
138 27401
229 1668
166 38
363 4785
143 15869
280 5250
282 646
96 1906
85 3723
294 10725
245 3018
102 2907
151 1853
200 21095
287 4902
192 1905
88 10391
342 22167
313 4945
107 7037
190 10982
158 6401
369 20702
174 2637
124 1077
237 2450
384 3013
96 1995
408 39
180 12801
225 7560
101 1391
133 13387
212 2482
404 1291
127 6403
93 2613
225 5812
181 11063
255 1098
205 7668

297276
277491
276441
288270
352805
407478
297549
329568
284796
285308
321595
410818
408375
346043
368295
346437
348700
345294
359444
389699
264261
325717
309134
329802
263060
379416
425809
339414
387581
336020
355430
355128
440854
435138
348371
384310
339879
376843
326034
384564
402308
327095
349377
334140
328461
333663
420178
407531
330084
363988
327054
322194
342800
425371
431826
340181
386036
297338
291492
294754
385480
400339
333067
344162
325985
324776
290391
401895
390794
325144
323206
300414
311587
332511
422535
383177
295818
322047
301155
315942
325584
379898
427297
317825
306513
295523
328810
342700
422431
412680
333210
336544
328657
350702
335210
418247
432648
304028
278252
307192
319527
290045
360411
365201
255817
296491
279681
300435
278741
356196
392841
300554
291419
288089
280446
286995
412701
392559
304642
325081
272084
242842
285146
358590
354153
304618
332103
280931
302320
235163
306108
324270
330726
318921
258749
298669
325205
355223
339796
236742
269527
247886
225080
219282
289425
295067
207458
229434
219406
238146
247140
351974
350472
247095
346173
265243
226695
226659
289899
326749
202742
264265
215046
209998
265482
316267
365174
258175
312342
251633
247444
232277
305030
286655
197850
260160
231983
242471
246200
358705
333609
253961
304913
202137
248714
219818
331038
320690
260249
327032
226855
285459
213469
319047
295930
245801
248845
226400
269418
250988
368967
306503
249714
277073
250730
273805
228926
342646
323184
224363
276206
225727
246626
267848
307218
389355
244230
272648
248568
223894
252027
361642
389843
280966
248993
240201
275732
252822
352594
387450
258114
269520
257823
231576
266935
354138
362655
306698
293357
264981
292444
257219
351138
405730
345497
316994
294955
304614
289483
394059
343116
276388
309519
232064
315468
293712
412753
320818
293613
368540
287840
333340
315921
442439
397327
292935
346888
279792
287272
332806
398704
402509
335114
305099
255969
222993
255192
362906
428944
298783
329549
302944
327979
376652
463125
456858
341201
386359
346027
341400
326436
415443
385007
287073
307685
263631
335736
246582
373778
387915
325981
413021
373902
421345
319509
417971
467375
322117
371170
362028
369750
395552
464066
500658
383527
372493
293122
353599
370154
433451
464903
339589
379643
331100
314006
367491
448296
466926
387525
396568
329041
366379
374458
507928
528753
418801
408723
396686
383992
384134
484559
514995
372425
393625
391001
444357
416542
522444
523819
429024
440026
416133
469618
419657
529457
530420
449076
446618
422609
475011
426004
492471
491720
372514
433041
